500661421802
500661421811
500661421820
500661421838
500661421847
500661421856
500661421865
500661421874
500661421883
500661421892
500661421901
500661421937
500661421946
500661421955
500661421964
500661421973
500661421982
500661421991
500661422000
500661422018
500661422027
500661422036
500661422045
500661422054
500661422063
500661422072
500661422081
500661422090
500661422108
500661422117
500661422126
500661422135
500661422144
500661422153
500661422162
500661422171
500661422180
500661422198
500661422207
500661422216
500661422225
500661422234
500661422243
500661422252
500661422261
500661422270
500661422288
500661422297
500661422306
500661422315
500661422324
500661422333
500661422342
500661422351
500661422360
500661422387
500661422396
500661422405
500661422414
500661422423
500661422432
500661422441
500661422450
500661422486
500661422495
500661422504
500661422513
500661422522
500661422531
500661422558
500661422585
500661422594
500661422603
500661422612
500661422621
500661422630
500661422648
500661422657
500661422666
500661422675
500661422684
500661422693
500661422765
500661422774
500661422783
500661422792
500661422801
500661422810
500661422828
500661422837
500661422846
500661422855
500661422864
500661422873
500661422882
500661422891
500661422900
500661422927
500661422936
500661422945
500661422954
500661422963
500661422972
500661423017
500661423026
500661423035
500661423044
500661423053
500661423062
500661423071
500661423080
500661423098
500661423107
500661423116
500661423125
500661423134
500661423143
500661423152
500661423161
500661423170
500661423188
500661423197
500661423206
500661423215
500661423224
500661423233
500661423242
500661423251
500661423260
500661423278
500661423287
500661423296
500661423305
500661423314
500661423323
500661423332
500661423341
500661423350
500661423368
500661423377
500661423395
500661423404
500661423413
500661423422
500661423431
500661423440
500661423458
500661423467
500661423476
500661423494
500661423503
500661423512
500661423521
500661423530
500661423548
500661423557
500661423566
500661423575
500661423584
500661423593
500661423602
500661423611
500661423620
500661423638
500661423647
500661423665
500661423674
500661423683
500661423728
500661423737
500661423746
500661423755
500661423764
500661423773
500661423800
500661423818
500661423845
500661423854
500661423908
500661423935
500661423944
500661423953
500661423962
500661423998
500661424007
500661424016
500661424025
500661424034
500661424043
500661424052
500661424061
500661424070
500661424088
500661424097
500661424106
500661424115
500661424124
500661424133
500661424142
500661424160
500661424178
500661424187
500661424196
500661424205
500661424214
500661424223
500661424232
500661424241
500661424250
500661424304
500661424340
500661424358
500661424367
500661424376
500661424385
500661424394
500661424403
500661424412
500661424421
500661424430
500661424448
500661424475
500661424484
500661424511
500661424520
500661424538
500661424547
500661424556
500661424565
500661424574
500661424583
500661424592
500661424601
500661424610
500661424628
500661424637
500661424646
500661424673
500661424682
500661424691
500661424700
500661424727
500661424736
500661424745
500661424754
500661424763
500661424772
500661424790
500661424808
500661424817
500661424826
500661424835
500661424844
500661424853
500661424862
500661424871
500661424880
500661424898
500661424907
500661424916
500661424925
500661424934
500661424943
500661424952
500661424961
500661424970
500661424988
500661424997
500661425006
500661425015
500661425024
500661425033
500661425042
500661425051
500661425060
500661425078
500661425087
500661425096
500661425105
500661425114
500661425123
500661425132
500661425141
500661425150
500661425168
500661425177
500661425186
500661425213
500661425222
500661425240
500661425258
500661425267
500661425276
500661425285
500661425303
500661425312
500661425321
500661425330
500661425348
500661425357
500661425366
500661425375
500661425384
500661425393
500661425402
500661425411
500661425438
500661425447
500661425456
500661425465
500661425474
500661425483
500661425492
500661425501
500661425510
500661425528
500661425537
500661425546
500661425555
500661425564
500661425591
500661425600
500661425618
500661425627
500661425636
500661425645
500661425654
500661425681
500661425708
500661425717
500661425726
500661425735
500661425744
500661425753
500661425762
500661425771
500661425780
500661425798
500661425807
500661425816
500661425825
500661425834
500661425843
500661425852
500661425861
500661425870
500661425888
500661425897
500661425906
500661425915
500661425924
500661425933
500661425942
500661425951
500661425960
500661425978
500661425987
500661425996
500661426005
500661426014
500661426023
500661426032
500661426041
500661426050
500661426068
500661426077
500661426086
500661426095
500661426122
500661426131
500661426140
500661426158
500661426167
500661426176
500661426185
500661426194
500661426203
500661426212
500661426221
500661426230
500661426248
500661426257
500661426266
500661426275
500661426284
500661426293
500661426302
500661426311
500661426365
500661426374
500661426383
500661426392
500661426401
500661426437
500661426446
500661426455
500661426464
500661426473
500661426482
500661426491
500661426500
500661426518
500661426527
500661426536
500661426545
500661426554
500661426563
500661426572
500661426581
500661426590
500661426608
500661426617
500661426626
500661426644
500661426653
500661426671
500661426680
500661426698
500661426707
500661426716
500661426725
500661426734
500661426743
500661426752
500661426761
500661426770
500661426788
500661426797
500661426806
500661426815
500661426842
500661426851
500661426860
500661426878
500661426887
500661426896
500661426905
500661426914
500661426923
500661426932
500661426941
500661426968
500661426977
500661426986
500661426995
500661427004
500661427013
500661427040
500661427058
500661427067
500661427076
500661427085
500661427094
500661427103
500661427112
500661427121
500661427130
500661427148
500661427157
500661427166
500661427175
500661427184
500661427193
500661427202
500661427211
500661427220
500661427238
500661427247
500661427256
500661427265
500661427274
500661427283
500661427292
500661427301
500661427310
500661427328
500661427337
500661427346
500661427355
500661427364
500661427373
500661427382
500661427391
500661427400
500661427418
500661427427
500661427436
500661427472
500661427481
500661427490
500661427508
500661427517
500661427526
500661427535
500661427544
500661427553
500661427562
500661427571
500661427580
500661427598
500661427607
500661427616
500661427625
500661427634
500661427643
500661427652
500661427661
500661427670
500661427688
500661427697
500661427706
500661427715
500661427724
500661427733
500661427742
500661427751
500661427787
500661427796
500661427805
500661427814
500661427823
500661427832
500661427841
500661427850
500661427868
500661427877
500661427886
500661427895
500661427913
500661427922
500661427931
500661427940
500661427958
500661427967
500661427976
500661427985
500661427994
500661428003
500661428012
500661428021
500661428030
500661428048
500661428057
500661428066
500661428075
500661428084
500661428093
500661428111
500661428120
500661428138
500661428147
500661428156
500661428165
500661428174
500661428183
500661428192
500661428201
500661428210
500661428246
500661428255
500661428264
500661428273
500661428282
500661428291
500661428300
500661428318
500661428327
500661428363
500661428372
500661428381
500661428390
500661428408
500661428417
500661428426
500661428435
500661428444
500661428453
500661428462
500661428471
500661428480
500661428498
500661428507
500661428516
500661428525
500661428534
500661428543
500661428552
500661428561
500661428570
500661428588
500661428606
500661428615
500661428624
500661428651
500661428660
500661428678
500661428687
500661428705
500661428714
500661428723
500661428732
500661428750
500661428768
500661428777
500661428795
500661428804
500661428831
500661428840
500661428858
500661428867
500661428894
500661428912
500661428921
500661428930
500661428948
500661428957
500661428966
500661428975
500661428984
500661428993
500661429002
500661429011
500661429020
500661429038
500661429047
500661429056
500661429065
500661429074
500661429083
500661429092
500661429101
500661429110
500661429128
500661429164
500661429173
500661429182
500661429191
500661429200
500661429218
500661429227
500661429236
500661429245
500661429254
500661429308
500661429317
500661429326
500661429335
500661429344
500661429362
500661429371
500661429416
500661429425
500661429434
500661429461
500661429470
500661429488
500661429515
500661429524
500661429542
500661429551
500661429560
500661429578
500661429587
500661429605
500661429614
500661429623
500661429632
500661429641
500661429650
500661429668
500661429677
500661429686
500661429695
500661429704
500661429713
500661429722
500661429731
500661429740
500661429758
500661429767
500661429776
500661429785
500661429794
500661429803
500661429821
500661429830
500661429848
500661429857
500661429866
500661429875
500661429893
500661429902
500661429938
500661429947
500661429974
500661429983
500661429992
500661430001
500661430010
500661430028
500661430037
500661430046
500661430064
500661430073
500661430082
500661430091
500661430100
500661430136
500661430154
500661430163
500661430172
500661430181
500661430190
500661430226
500661430235
500661430244
500661430253
500661430262
500661430271
500661430280
500661430298
500661430307
500661430316
500661430325
500661430334
500661430343
500661430352
500661430361
500661430370
500661430388
500661430397
500661430406
500661430415
500661430424
500661430433
500661430442
500661430451
500661430460
500661430478
500661430487
500661430496
500661430505
500661430514
500661430541
500661430550
500661430568
500661430595
500661430604
500661430613
500661430622
500661430631
500661430640
500661430658
500661430667
500661430676
500661430766
500661430775
500661430784
500661430793
500661430802
500661430820
500661430838
500661430847
500661430856
500661430865
500661430874
500661430901
500661430910
500661430946
500661430955
500661430964
500661430973
500661430982
500661430991
500661431000
500661431018
500661431027
500661431036
500661431045
500661431054
500661431081
500661431090
500661431108
500661431117
500661431126
500661431135
500661431144
500661431153
500661431162
500661431171
500661431198
500661431207
500661431216
500661431234
500661431243
500661431261
500661431270
500661431288
500661431297
500661431306
500661431315
500661431324
500661431342
500661431378
500661431387
500661431396
500661431423
500661431432
500661431450
500661431468
500661431648
500661431657
500661431666
500661431693
500661431702
500661431711
500661431738
500661431747
500661431765
500661431774
500661431846
500661431855
500661431864
500661468737
500661468746
500661468755
500661468764
500661468773
500661468782
500661468791
500661468800
500661468836
500661468845
500661468854
500661468863
500661468872
500661468908
500661468917
500661468926
500661468935
500661468953
500661468980
500661468998
500661469007
